100
10
300
0
0
0
0
0
0
0
0
0
0
0
0
0
0
0
0
0
0
0
0
0
0
0
0
0
0
0
0
0
0
0
0
0
0
0
1
1
1
1
1
1
1
1
1
1
1
1
1
1
1
2
1
1
2
2
2
2
2
2
2
2
2
2
2
2
2
2
2
3
3
3
3
3
3
3
3
3
3
4
3
4
4
4
4
4
4
4
4
4
4
5
5
5
5
5
5
5
5
5
5
6
6
6
6
7
8
8
8
8
8
9
9
9
9
9
9
9
9
9
11
10
11
11
11
11
11
11
12
12
21
22
22
22
22
11
11
10
10
10
10
10
11
11
11
11
12
12
12
12
12
12
12
12
14
17
17
18
18
18
18
18
20
19
19
19
20
20
20
20
21
21
21
21
21
23
22
22
23
23
24
23
23
23
24
28
42
32
15
17
17
14
14
14
14
14
14
15
15
16
19
19
19
19
19
20
21
20
20
20
21
21
21
21
22
22
22
22
23
23
22
23
23
24
23
24
25
25
25
25
25
25
28
26
20
20
20
20
20
21
21
28
27
29
28
29
30
28
30
30
30
30
29
30
30
31
32
31
31
31
32
32
32
32
32
32
34
39
30
26
26
26
27
27
35
35
36
36
37
37
38
39
37
39
39
38
38
38
38
39
38
40
41
41
41
40
31
32
32
33
40
0
0
0
0
0
0
0
0
0
0
0
0
0
0
0
0
0
0
0
0
0
0
0
0
0
0
0
0
0
0
0
0
0
0
1
0
0
0
0
0
1
0
0
1
0
1
0
0
1
1
1
1
1
1
1
1
1
1
1
1
1
1
1
1
2
1
1
2
2
2
2
2
2
2
2
2
2
2
2
3
2
3
3
3
3
3
3
3
3
3
3
3
3
4
3
4
4
4
4
4
4
5
4
5
5
5
5
5
5
5
5
5
5
6
5
6
6
6
6
6
6
7
6
7
7
7
6
7
7
7
8
7
7
7
7
8
8
8
8
8
8
9
11
11
11
8
8
9
8
8
8
8
8
8
8
8
8
8
9
9
9
9
9
12
12
12
13
13
13
13
13
13
12
13
13
13
13
14
14
14
14
14
14
14
14
15
15
15
15
15
16
16
16
16
17
17
16
17
17
17
17
18
18
18
18
18
19
18
20
19
19
19
19
22
24
17
16
16
16
16
16
17
17
17
21
22
22
23
23
23
23
23
23
24
23
24
23
24
24
25
24
26
25
26
26
26
26
26
26
28
28
27
28
28
28
30
33
23
22
22
22
23
25
29
30
30
31
31
31
32
32
31
31
32
32
32
32
32
32
33
33
34
35
34
35
36
35
35
41
28
27
27
28
34
36
37
38
38
39
40
0
0
0
0
0
0
0
0
0
0
0
0
0
0
0
0
0
0
0
0
0
0
0
0
0
0
0
0
0
0
0
1
0
0
0
1
0
0
1
0
0
1
1
1
1
1
1
1
1
1
1
1
1
1
1
1
1
2
1
2
1
1
2
2
2
2
2
2
2
2
2
2
2
3
3
3
3
3
3
3
3
3
3
4
3
3
4
4
4
4
4
4
4
4
4
4
4
5
4
5
5
5
5
5
5
5
5
5
5
6
6
6
6
6
6
6
7
7
7
7
7
7
7
7
8
8
8
8
8
8
8
8
8
8
8
9
9
9
9
10
9
9
10
10
10
10
10
10
11
10
11
11
11
11
12
12
11
12
11
12
12
12
12
12
14
15
20
18
11
11
11
11
11
11
11
12
13
12
12
12
12
15
17
15
16
17
16
17
17
18
17
18
17
17
18
19
20
19
21
21
20
20
21
21
21
22
23
21
22
22
22
23
23
22
24
23
25
24
24
27
26
20
19
19
19
20
19
19
20
21
24
24
24
26
31
29
26
27
26
26
26
26
26
27
28
30
31
31
31
32
32
30
31
32
31
31
33
35
26
25
25
25
26
29
31
31
31
33
34
35
36
35
35
36
38
37
35
38
36
36
37
37
40
40
40
43
41
34
31
32
32
32
39
42
41
44
43
45
44
45
0
0
0
0
0
0
0
0
0
0
0
0
0
0
0
0
0
0
0
0
0
0
0
0
0
0
1
0
0
0
0
0
0
0
0
0
0
0
1
0
0
1
1
0
1
1
1
1
1
1
1
1
1
1
1
1
1
1
1
1
1
1
2
2
2
1
2
2
2
2
2
2
2
2
3
3
2
3
3
3
3
3
3
3
3
3
3
3
3
4
3
4
4
3
4
4
4
4
4
4
5
4
5
5
5
5
5
5
5
5
5
6
6
6
6
6
6
7
6
7
7
7
7
7
7
7
8
8
7
8
8
8
8
9
8
9
9
9
9
9
10
9
9
9
10
9
10
10
10
10
11
11
11
12
11
11
12
12
12
12
12
12
13
13
13
14
13
14
14
14
14
14
14
14
14
15
15
15
16
17
16
16
16
16
17
16
16
17
17
17
16
17
17
17
17
17
17
17
17
18
18
18
18
18
17
18
22
23
16
16
15
15
15
16
16
16
16
20
20
21
21
21
21
22
21
22
22
22
22
22
22
24
23
24
24
25
24
25
24
25
25
24
26
25
25
26
26
27
26
26
29
33
22
21
21
22
22
23
28
29
28
29
29
29
30
31
31
31
31
32
32
31
31
32
33
32
33
33
33
34
34
33
34
35
38
27
26
27
27
31
36
36
36
36
36
36
37
37
39
38
